1.0
1.1176330954821088
1.274854894686178
1.4841729299691413
1.7634798634906963
2.1385467674051917
2.646849498596221
3.3435051134066343
4.310592650027051
5.6719739136971725
7.6171711507137525
10.440359454251938
14.604928569393742
20.851901823831742
30.384644125184714
45.18818365130832
68.58953593565745
106.25590932412457
168.00049774198155
271.10048401664125
446.4905442632335
750.5100067202421
1287.5466014199571
2254.4036291346106
4028.678782842748
7347.7751194572675
13677.64474193185
25985.377532462084
50385.89657518517
99712.8660132609
201398.23302488308
415166.5556639496
873476.6795938854
1875609.8999059717
4110512.437516128
9194151.701717978
20988896.80371402
48902358.78455373
116287290.46071151
282225949.97539526
699075181.436365
1767311376.074505
4559996510.052948
12008207834.841984
32274099234.051838
88530376756.02464
247852180072.7793
708199184692.9738
2065286708251.0762
6147061044423.868
18673122672985.984
57893342305344.734
183190329635094.06
591614369146427.2
1950011315417928.2
6559908741542911.0
2.2522713495158e+16
7.892341618411976e+16
2.8226256691558582e+17
1.0302982128088932e+18
3.838264105637958e+18
1.459382086659964e+19
5.663245858501166e+19
2.2429731218713068e+20
9.066610752685252e+20
3.7404867534184624e+21
1.5749744741259577e+22
6.7683244065130975e+22
2.968595751006407e+23
1.3288721663317166e+24
6.071242738298322e+24
2.8309632873748357e+25
1.34726530554978e+26
6.543863974185241e+26
3.2439761206756935e+27
1.6412822868853467e+28
8.475223596610684e+28
4.46664354348781e+29
2.4025568583315075e+30
1.3189499074881727e+31
7.390012576946358e+31
4.225949487538523e+32
2.466412280865273e+33
1.4691606750364882e+34
8.931721325131331e+34
5.541958662308592e+35
3.5095678912126433e+36
2.2683301352435152e+37
1.4963084390364956e+38
1.0073913942101018e+39
6.922095649560745e+39
4.85444074197378e+40
3.474585959444528e+41
2.5382194345691828e+42
1.892419951815274e+43
1.440018659529611e+44
1.1183583109505903e+45
8.864537217784897e+45
7.171226081295848e+46
5.92097202766467e+47
